# Blender v2.76 (sub 0) OBJ File: 'cloud.blend'
# www.blender.org
mtllib cloud.mtl
o Cylinder.085_Cylinder.086
v -0.093120 5.380507 -8.111505
v -0.093120 5.584313 -8.111505
v 5.577196 5.584313 -5.762782
v 5.577196 5.380507 -5.762782
v 5.117795 5.380507 -0.092466
v 3.591553 5.380507 -3.777140
v -0.093120 5.380507 -5.303382
v -3.777795 5.380507 -3.777139
v -5.304036 5.380507 -0.092466
v -8.112159 5.380507 -0.092466
v -5.763437 5.380507 -5.762782
v 7.925917 5.380507 -0.092466
v 5.577196 5.380507 5.577849
v 3.591553 5.380507 3.592207
v -0.093121 5.380507 7.926572
v -5.763437 5.380507 5.577849
v -3.777795 5.380507 3.592207
v -0.093121 5.380507 5.118449
v -5.763437 5.584313 -5.762782
v 3.591553 5.584313 3.592207
v -0.093121 5.584313 5.118449
v -0.093121 5.584313 7.926572
v 5.577196 5.584313 5.577849
v 7.925917 5.584313 -0.092466
v -0.093120 5.584313 -5.303382
v 3.591553 5.584313 -3.777140
v 5.117795 5.584313 -0.092466
v -3.777795 5.584313 3.592207
v -5.304036 5.584313 -0.092466
v -3.777795 5.584313 -3.777139
v -8.112159 5.584313 -0.092466
v -5.763437 5.584313 5.577849
v -7.550534 5.584313 -0.092466
v -6.988909 5.584313 -0.092466
v -6.427284 5.584313 -0.092466
v -5.865660 5.584313 -0.092466
v -0.093121 5.584313 7.364947
v -0.093121 5.584313 6.803322
v -0.093121 5.584313 6.241698
v -0.093121 5.584313 5.680073
v 3.988682 5.584313 -4.174268
v 4.385810 5.584313 -4.571397
v 4.782938 5.584313 -4.968525
v 5.180067 5.584313 -5.365654
v -0.093120 5.584313 -5.865006
v -0.093120 5.584313 -6.426631
v -0.093120 5.584313 -6.988256
v -0.093120 5.584313 -7.549880
v -4.174923 5.584313 -4.174268
v -4.572052 5.584313 -4.571396
v -4.969180 5.584313 -4.968524
v -5.366309 5.584313 -5.365654
v -4.174923 5.584313 3.989335
v -4.572052 5.584313 4.386463
v -4.969180 5.584313 4.783592
v -5.366309 5.584313 5.180721
v 5.679420 5.584313 -0.092466
v 6.241044 5.584313 -0.092466
v 6.802669 5.584313 -0.092466
v 7.364294 5.584313 -0.092466
v 3.988682 5.584313 3.989336
v 4.385810 5.584313 4.386464
v 4.782938 5.584313 4.783592
v 5.180067 5.584313 5.180721
vn 0.382700 0.000000 -0.923900
vn 0.000000 -1.000000 0.000000
vn 0.382700 0.000000 0.923900
vn -0.382700 0.000000 -0.923900
vn 0.000000 1.000000 0.000000
vn 0.923900 0.000000 -0.382700
vn -0.923900 0.000000 0.382700
vn -0.382700 0.000000 0.923900
vn -0.923900 0.000000 -0.382700
vn 0.923900 0.000000 0.382700
usemtl cloud
s off
f 1//1 2//1 3//1 4//1
f 8//2 9//2 10//2 11//2
f 23//3 22//3 15//3 13//3
f 11//4 19//4 2//4 1//4
f 64//5 37//5 22//5 23//5
f 4//6 3//6 24//6 12//6
f 6//7 5//7 27//7 26//7
f 33//5 52//5 19//5 31//5
f 15//8 22//8 32//8 16//8
f 16//7 32//7 31//7 10//7
f 10//9 31//9 19//9 11//9
f 7//8 6//8 26//8 25//8
f 8//3 7//3 25//3 30//3
f 5//9 14//9 20//9 27//9
f 9//10 8//10 30//10 29//10
f 24//10 23//10 13//10 12//10
f 17//6 9//6 29//6 28//6
f 14//4 18//4 21//4 20//4
f 18//1 17//1 28//1 21//1
f 44//5 3//5 2//5 48//5
f 5//2 6//2 4//2 12//2
f 6//2 7//2 1//2 4//2
f 7//2 8//2 11//2 1//2
f 56//5 33//5 31//5 32//5
f 17//2 16//2 10//2 9//2
f 37//5 56//5 32//5 22//5
f 18//2 15//2 16//2 17//2
f 60//5 24//5 3//5 44//5
f 60//5 64//5 23//5 24//5
f 18//2 14//2 13//2 15//2
f 5//2 12//2 13//2 14//2
f 48//5 2//5 19//5 52//5
f 25//5 45//5 49//5 30//5
f 45//5 46//5 50//5 49//5
f 46//5 47//5 51//5 50//5
f 47//5 48//5 52//5 51//5
f 27//5 20//5 61//5 57//5
f 57//5 61//5 62//5 58//5
f 58//5 62//5 63//5 59//5
f 59//5 63//5 64//5 60//5
f 27//5 57//5 41//5 26//5
f 57//5 58//5 42//5 41//5
f 58//5 59//5 43//5 42//5
f 59//5 60//5 44//5 43//5
f 21//5 28//5 53//5 40//5
f 40//5 53//5 54//5 39//5
f 39//5 54//5 55//5 38//5
f 38//5 55//5 56//5 37//5
f 28//5 29//5 36//5 53//5
f 53//5 36//5 35//5 54//5
f 54//5 35//5 34//5 55//5
f 55//5 34//5 33//5 56//5
f 26//5 41//5 45//5 25//5
f 41//5 42//5 46//5 45//5
f 42//5 43//5 47//5 46//5
f 43//5 44//5 48//5 47//5
f 29//5 30//5 49//5 36//5
f 36//5 49//5 50//5 35//5
f 35//5 50//5 51//5 34//5
f 34//5 51//5 52//5 33//5
f 20//5 21//5 40//5 61//5
f 61//5 40//5 39//5 62//5
f 62//5 39//5 38//5 63//5
f 63//5 38//5 37//5 64//5
o Cylinder.084_Cylinder.085
v 3.396890 5.003456 -3.009888
v 3.396890 5.836009 -3.009888
v 4.592720 5.003456 -3.521206
v 4.592720 5.836009 -3.521206
v 4.300456 5.003456 -0.896699
v 4.300456 5.836009 -0.896699
v 5.496286 5.003456 -1.408017
v 5.496286 5.836009 -1.408017
vn -0.393200 0.000000 -0.919500
vn 0.919500 0.000000 -0.393200
vn 0.393200 0.000000 0.919500
vn -0.919500 0.000000 0.393200
vn 0.000000 -1.000000 0.000000
vn 0.000000 1.000000 0.000000
usemtl cloud
s off
f 66//11 68//11 67//11 65//11
f 68//12 72//12 71//12 67//12
f 72//13 70//13 69//13 71//13
f 70//14 66//14 65//14 69//14
f 65//15 67//15 71//15 69//15
f 70//16 72//16 68//16 66//16
o Cylinder.083_Cylinder.084
v 4.182377 4.789977 -4.360559
v 4.182377 6.069982 -4.360559
v 6.020903 4.789977 -5.146683
v 6.020903 6.069982 -5.146683
v 5.571562 4.789977 -1.111643
v 5.571562 6.069982 -1.111643
v 7.410087 4.789977 -1.897767
v 7.410087 6.069982 -1.897767
vn -0.393200 0.000000 -0.919500
vn 0.919500 0.000000 -0.393200
vn 0.393200 0.000000 0.919500
vn -0.919500 0.000000 0.393200
vn 0.000000 -1.000000 0.000000
vn 0.000000 1.000000 0.000000
usemtl cloud
s off
f 74//17 76//17 75//17 73//17
f 76//18 80//18 79//18 75//18
f 80//19 78//19 77//19 79//19
f 78//20 74//20 73//20 77//20
f 73//21 75//21 79//21 77//21
f 78//22 80//22 76//22 74//22
o Cylinder.082_Cylinder.083
v 4.354986 4.933331 -2.408643
v 4.354986 5.906134 -2.408643
v 5.752264 4.933331 -3.006097
v 5.752264 5.906134 -3.006097
v 5.410766 4.933331 0.060531
v 5.410766 5.906134 0.060531
v 6.808045 4.933331 -0.536923
v 6.808045 5.906134 -0.536923
vn -0.393200 0.000000 -0.919500
vn 0.919500 0.000000 -0.393200
vn 0.393200 0.000000 0.919500
vn -0.919500 0.000000 0.393200
vn 0.000000 -1.000000 0.000000
vn 0.000000 1.000000 0.000000
usemtl cloud
s off
f 82//23 84//23 83//23 81//23
f 84//24 88//24 87//24 83//24
f 88//25 86//25 85//25 87//25
f 86//26 82//26 81//26 85//26
f 81//27 83//27 87//27 85//27
f 86//28 88//28 84//28 82//28
o Cylinder.081_Cylinder.082
v 4.648835 4.555909 -0.660997
v 4.648835 5.528712 -0.660997
v 6.067199 4.555909 -0.115485
v 6.067199 5.528712 -0.115485
v 3.684843 4.555909 1.845437
v 3.684843 5.528712 1.845437
v 5.103206 4.555909 2.390950
v 5.103206 5.528712 2.390950
vn 0.359000 0.000000 -0.933300
vn 0.933300 0.000000 0.359000
vn -0.359000 0.000000 0.933300
vn -0.933300 0.000000 -0.359000
vn 0.000000 -1.000000 0.000000
vn 0.000000 1.000000 -0.000000
usemtl cloud
s off
f 90//29 92//29 91//29 89//29
f 92//30 96//30 95//30 91//30
f 96//31 94//31 93//31 95//31
f 94//32 90//32 89//32 93//32
f 89//33 91//33 95//33 93//33
f 94//34 96//34 92//34 90//34
o Cylinder.080_Cylinder.081
v 5.394591 4.752133 -1.280336
v 5.394591 5.724937 -1.280336
v 6.907239 4.752133 -1.426054
v 6.907239 5.724937 -1.426054
v 5.652093 4.752133 1.392711
v 5.652093 5.724937 1.392711
v 7.164741 4.752133 1.246994
v 7.164741 5.724937 1.246994
vn -0.095900 0.000000 -0.995400
vn 0.995400 0.000000 -0.095900
vn 0.095900 0.000000 0.995400
vn -0.995400 0.000000 0.095900
vn 0.000000 -1.000000 -0.000000
vn 0.000000 1.000000 0.000000
usemtl cloud
s off
f 98//35 100//35 99//35 97//35
f 100//36 104//36 103//36 99//36
f 104//37 102//37 101//37 103//37
f 102//38 98//38 97//38 101//38
f 97//39 99//39 103//39 101//39
f 102//40 104//40 100//40 98//40
o Cylinder.079_Cylinder.080
v 5.617848 5.033867 1.104758
v 5.617848 6.132557 1.104758
v 7.151468 5.033867 1.875279
v 7.151468 6.132557 1.875279
v 4.256237 5.033867 3.814866
v 4.256237 6.132557 3.814866
v 5.789856 5.033867 4.585388
v 5.789856 6.132557 4.585388
vn 0.448900 0.000000 -0.893600
vn 0.893600 0.000000 0.448900
vn -0.448900 0.000000 0.893600
vn -0.893600 0.000000 -0.448900
vn 0.000000 -1.000000 0.000000
vn 0.000000 1.000000 0.000000
usemtl cloud
s off
f 106//41 108//41 107//41 105//41
f 108//42 112//42 111//42 107//42
f 112//43 110//43 109//43 111//43
f 110//44 106//44 105//44 109//44
f 105//45 107//45 111//45 109//45
f 110//46 112//46 108//46 106//46
o Cylinder.078_Cylinder.079
v 5.915885 4.958872 4.028532
v 5.915885 6.207552 4.028532
v 6.552326 4.958872 5.872389
v 6.552326 6.207552 5.872389
v 2.657547 4.958872 5.153206
v 2.657547 6.207552 5.153206
v 3.293987 4.958872 6.997063
v 3.293987 6.207552 6.997063
vn 0.945300 0.000000 -0.326300
vn 0.326300 0.000000 0.945300
vn -0.945300 0.000000 0.326300
vn -0.326300 0.000000 -0.945300
vn 0.000000 -1.000000 -0.000000
vn 0.000000 1.000000 0.000000
usemtl cloud
s off
f 114//47 116//47 115//47 113//47
f 116//48 120//48 119//48 115//48
f 120//49 118//49 117//49 119//49
f 118//50 114//50 113//50 117//50
f 113//51 115//51 119//51 117//51
f 118//52 120//52 116//52 114//52
o Cylinder.077_Cylinder.078
v 3.618292 5.054626 1.518275
v 3.618292 5.784838 1.518275
v 4.682952 5.054626 1.927751
v 4.682952 5.784838 1.927751
v 2.894694 5.054626 3.399669
v 2.894694 5.784838 3.399669
v 3.959354 5.054626 3.809145
v 3.959354 5.784838 3.809145
vn 0.359000 0.000000 -0.933300
vn 0.933300 0.000000 0.359000
vn -0.359000 0.000000 0.933300
vn -0.933300 0.000000 -0.359000
vn 0.000000 -1.000000 -0.000000
vn 0.000000 1.000000 0.000000
usemtl cloud
s off
f 122//53 124//53 123//53 121//53
f 124//54 128//54 127//54 123//54
f 128//55 126//55 125//55 127//55
f 126//56 122//56 121//56 125//56
f 121//57 123//57 127//57 125//57
f 126//58 128//58 124//58 122//58
o Cylinder.076_Cylinder.077
v 3.616516 5.173277 3.194342
v 3.616516 5.993147 3.194342
v 4.005399 5.173277 4.414621
v 4.005399 5.993147 4.414621
v 1.460121 5.173277 3.881549
v 1.460121 5.993147 3.881549
v 1.849004 5.173277 5.101829
v 1.849004 5.993147 5.101829
vn 0.952800 0.000000 -0.303600
vn 0.303600 0.000000 0.952800
vn -0.952800 0.000000 0.303600
vn -0.303600 0.000000 -0.952800
vn 0.000000 -1.000000 -0.000000
vn 0.000000 1.000000 0.000000
usemtl cloud
s off
f 130//59 132//59 131//59 129//59
f 132//60 136//60 135//60 131//60
f 136//61 134//61 133//61 135//61
f 134//62 130//62 129//62 133//62
f 129//63 131//63 135//63 133//63
f 134//64 136//64 132//64 130//64
o Cylinder.075_Cylinder.076
v 3.214613 4.973442 4.313593
v 3.214613 5.793312 4.313593
v 3.603497 4.973442 5.533873
v 3.603497 5.793312 5.533873
v 1.058219 4.973442 5.000801
v 1.058219 5.793312 5.000801
v 1.447101 4.973442 6.221080
v 1.447101 5.793312 6.221080
vn 0.952800 0.000000 -0.303600
vn 0.303600 0.000000 0.952800
vn -0.952800 0.000000 0.303600
vn -0.303600 0.000000 -0.952800
vn 0.000000 -1.000000 0.000000
vn 0.000000 1.000000 0.000000
usemtl cloud
s off
f 138//65 140//65 139//65 137//65
f 140//66 144//66 143//66 139//66
f 144//67 142//67 141//67 143//67
f 142//68 138//68 137//68 141//68
f 137//69 139//69 143//69 141//69
f 142//70 144//70 140//70 138//70
o Cylinder.074_Cylinder.075
v 3.393250 5.323153 5.371658
v 3.393250 6.143023 5.371658
v 3.782133 5.323153 6.591938
v 3.782133 6.143023 6.591938
v 1.236855 5.323153 6.058866
v 1.236855 6.143023 6.058866
v 1.625738 5.323153 7.279145
v 1.625738 6.143023 7.279145
vn 0.952800 0.000000 -0.303600
vn 0.303600 0.000000 0.952800
vn -0.952800 0.000000 0.303600
vn -0.303600 0.000000 -0.952800
vn 0.000000 -1.000000 -0.000000
vn 0.000000 1.000000 0.000000
usemtl cloud
s off
f 146//71 148//71 147//71 145//71
f 148//72 152//72 151//72 147//72
f 152//73 150//73 149//73 151//73
f 150//74 146//74 145//74 149//74
f 145//75 147//75 151//75 149//75
f 150//76 152//76 148//76 146//76
o Cylinder.073_Cylinder.074
v 1.167285 4.890792 4.552084
v 1.167285 5.710662 4.552084
v 1.556168 4.890792 5.772364
v 1.556168 5.710662 5.772364
v -0.989110 4.890792 5.239292
v -0.989110 5.710662 5.239292
v -0.600227 4.890792 6.459571
v -0.600227 5.710662 6.459571
vn 0.952800 0.000000 -0.303600
vn 0.303600 0.000000 0.952800
vn -0.952800 0.000000 0.303600
vn -0.303600 0.000000 -0.952800
vn 0.000000 -1.000000 -0.000000
vn 0.000000 1.000000 0.000000
usemtl cloud
s off
f 154//77 156//77 155//77 153//77
f 156//78 160//78 159//78 155//78
f 160//79 158//79 157//79 159//79
f 158//80 154//80 153//80 157//80
f 153//81 155//81 159//81 157//81
f 158//82 160//82 156//82 154//82
o Cylinder.072_Cylinder.073
v 4.270329 5.732136 4.883570
v 4.270329 6.552006 4.883570
v 4.659213 5.732136 6.103850
v 4.659213 6.552006 6.103850
v 2.113935 5.732136 5.570778
v 2.113935 6.552006 5.570778
v 2.502818 5.732136 6.791058
v 2.502818 6.552006 6.791058
vn 0.952800 0.000000 -0.303600
vn 0.303600 0.000000 0.952800
vn -0.952800 0.000000 0.303600
vn -0.303600 0.000000 -0.952800
vn 0.000000 -1.000000 -0.000000
vn 0.000000 1.000000 -0.000000
usemtl cloud
s off
f 162//83 164//83 163//83 161//83
f 164//84 168//84 167//84 163//84
f 168//85 166//85 165//85 167//85
f 166//86 162//86 161//86 165//86
f 161//87 163//87 167//87 165//87
f 166//88 168//88 164//88 162//88
o Cylinder.071_Cylinder.072
v 1.748261 4.930955 -4.215214
v 1.748261 5.929004 -4.215214
v 2.477714 4.930955 -5.593130
v 2.477714 5.929004 -5.593130
v 4.183220 4.930955 -2.926176
v 4.183220 5.929004 -2.926176
v 4.912672 4.930955 -4.304092
v 4.912672 5.929004 -4.304092
vn -0.883800 0.000000 -0.467900
vn 0.467900 0.000000 -0.883800
vn 0.883800 0.000000 0.467900
vn -0.467900 0.000000 0.883800
vn 0.000000 -1.000000 -0.000000
vn 0.000000 1.000000 0.000000
usemtl cloud
s off
f 170//89 172//89 171//89 169//89
f 172//90 176//90 175//90 171//90
f 176//91 174//91 173//91 175//91
f 174//92 170//92 169//92 173//92
f 169//93 171//93 175//93 173//93
f 174//94 176//94 172//94 170//94
o Cylinder.070_Cylinder.071
v 0.825675 5.146428 -4.249005
v 0.825675 5.713531 -4.249005
v 1.277578 5.146428 -5.010970
v 1.277578 5.713531 -5.010970
v 2.172166 5.146428 -3.450433
v 2.172166 5.713531 -3.450433
v 2.624070 5.146428 -4.212398
v 2.624070 5.713531 -4.212398
vn -0.860100 0.000000 -0.510100
vn 0.510100 0.000000 -0.860100
vn 0.860100 0.000000 0.510100
vn -0.510100 0.000000 0.860100
vn 0.000000 -1.000000 -0.000000
vn 0.000000 1.000000 -0.000000
usemtl cloud
s off
f 178//95 180//95 179//95 177//95
f 180//96 184//96 183//96 179//96
f 184//97 182//97 181//97 183//97
f 182//98 178//98 177//98 181//98
f 177//99 179//99 183//99 181//99
f 182//100 184//100 180//100 178//100
o Cylinder.069_Cylinder.070
v 0.345104 5.241886 -5.454135
v 0.345104 6.212446 -5.454135
v 0.964068 5.241886 -6.838181
v 0.964068 6.212446 -6.838181
v 2.790893 5.241886 -4.360344
v 2.790893 6.212446 -4.360344
v 3.409858 5.241886 -5.744389
v 3.409858 6.212446 -5.744389
vn -0.912900 0.000000 -0.408200
vn 0.408200 0.000000 -0.912900
vn 0.912900 0.000000 0.408200
vn -0.408200 0.000000 0.912900
vn 0.000000 -1.000000 -0.000000
vn 0.000000 1.000000 -0.000000
usemtl cloud
s off
f 186//101 188//101 187//101 185//101
f 188//102 192//102 191//102 187//102
f 192//103 190//103 189//103 191//103
f 190//104 186//104 185//104 189//104
f 185//105 187//105 191//105 189//105
f 190//106 192//106 188//106 186//106
o Cylinder.068_Cylinder.069
v -1.149745 5.313712 -4.626604
v -1.149745 5.969226 -4.626604
v -1.346374 5.313712 -5.631549
v -1.346374 5.969226 -5.631549
v 0.626125 5.313712 -4.974072
v 0.626125 5.969226 -4.974072
v 0.429497 5.313712 -5.979018
v 0.429497 5.969226 -5.979018
vn -0.981400 0.000000 0.192000
vn -0.192000 0.000000 -0.981400
vn 0.981400 0.000000 -0.192000
vn 0.192000 0.000000 0.981400
vn 0.000000 -1.000000 0.000000
vn 0.000000 1.000000 -0.000000
usemtl cloud
s off
f 194//107 196//107 195//107 193//107
f 196//108 200//108 199//108 195//108
f 200//109 198//109 197//109 199//109
f 198//110 194//110 193//110 197//110
f 193//111 195//111 199//111 197//111
f 198//112 200//112 196//112 194//112
o Cylinder.067_Cylinder.068
v -2.107420 4.668046 -5.237633
v -2.107420 5.851691 -5.237633
v -2.548476 4.668046 -7.033273
v -2.548476 5.851691 -7.033273
v 1.065711 4.668046 -6.017035
v 1.065711 5.851691 -6.017035
v 0.624656 4.668046 -7.812675
v 0.624656 5.851691 -7.812675
vn -0.971100 0.000000 0.238500
vn -0.238500 0.000000 -0.971100
vn 0.971100 0.000000 -0.238500
vn 0.238500 0.000000 0.971100
vn 0.000000 -1.000000 0.000000
vn 0.000000 1.000000 -0.000000
usemtl cloud
s off
f 202//113 204//113 203//113 201//113
f 204//114 208//114 207//114 203//114
f 208//115 206//115 205//115 207//115
f 206//116 202//116 201//116 205//116
f 201//117 203//117 207//117 205//117
f 206//118 208//118 204//118 202//118
o Cylinder.066_Cylinder.067
v 2.361956 5.046948 -6.364103
v 2.361956 5.813010 -6.364103
v 2.972401 5.046948 -7.393389
v 2.972401 5.813010 -7.393389
v 4.180840 5.046948 -5.285366
v 4.180840 5.813010 -5.285366
v 4.791285 5.046948 -6.314652
v 4.791285 5.813010 -6.314652
vn -0.860100 0.000000 -0.510100
vn 0.510100 0.000000 -0.860100
vn 0.860100 0.000000 0.510100
vn -0.510100 0.000000 0.860100
vn 0.000000 -1.000000 0.000000
vn 0.000000 1.000000 0.000000
usemtl cloud
s off
f 210//119 212//119 211//119 209//119
f 212//120 216//120 215//120 211//120
f 216//121 214//121 213//121 215//121
f 214//122 210//122 209//122 213//122
f 209//123 211//123 215//123 213//123
f 214//124 216//124 212//124 210//124
o Cylinder.065_Cylinder.066
v 0.629694 5.092166 -6.531644
v 0.629694 6.062726 -6.531644
v 1.248658 5.092166 -7.915689
v 1.248658 6.062726 -7.915689
v 3.075484 5.092166 -5.437852
v 3.075484 6.062726 -5.437852
v 3.694448 5.092166 -6.821898
v 3.694448 6.062726 -6.821898
vn -0.912900 0.000000 -0.408200
vn 0.408200 0.000000 -0.912900
vn 0.912900 0.000000 0.408200
vn -0.408200 0.000000 0.912900
vn 0.000000 -1.000000 -0.000000
vn 0.000000 1.000000 0.000000
usemtl cloud
s off
f 218//125 220//125 219//125 217//125
f 220//126 224//126 223//126 219//126
f 224//127 222//127 221//127 223//127
f 222//128 218//128 217//128 221//128
f 217//129 219//129 223//129 221//129
f 222//130 224//130 220//130 218//130
o Cylinder.064_Cylinder.065
v 4.394163 4.829985 -5.717480
v 4.394163 5.397089 -5.717480
v 4.846066 4.829985 -6.479445
v 4.846066 5.397089 -6.479445
v 5.740654 4.829985 -4.918908
v 5.740654 5.397089 -4.918908
v 6.192557 4.829985 -5.680873
v 6.192557 5.397089 -5.680873
vn -0.860100 0.000000 -0.510100
vn 0.510100 0.000000 -0.860100
vn 0.860100 0.000000 0.510100
vn -0.510100 0.000000 0.860100
vn 0.000000 -1.000000 -0.000000
vn 0.000000 1.000000 -0.000000
usemtl cloud
s off
f 226//131 228//131 227//131 225//131
f 228//132 232//132 231//132 227//132
f 232//133 230//133 229//133 231//133
f 230//134 226//134 225//134 229//134
f 225//135 227//135 231//135 229//135
f 230//136 232//136 228//136 226//136
o Cylinder.063_Cylinder.064
v 2.455913 4.995531 -4.834089
v 2.455913 6.654368 -4.834089
v 3.018340 4.995531 -6.108548
v 3.018340 6.654368 -6.108548
v 4.719319 4.995531 -3.808560
v 4.719319 6.654368 -3.808560
v 5.281748 4.995531 -5.083019
v 5.281748 6.654368 -5.083019
vn -0.914900 0.000000 -0.403700
vn 0.412700 0.000000 -0.910900
vn 0.914900 0.000000 0.403700
vn -0.412700 0.000000 0.910900
vn 0.000000 -1.000000 0.000000
vn 0.000000 1.000000 -0.000000
usemtl cloud
s off
f 234//137 236//137 235//137 233//137
f 236//138 240//138 239//138 235//138
f 240//139 238//139 237//139 239//139
f 238//140 234//140 233//140 237//140
f 233//141 235//141 239//141 237//141
f 238//142 240//142 236//142 234//142
o Cylinder.062_Cylinder.063
v -3.332226 5.072122 -2.903602
v -3.332226 6.255767 -2.903602
v -4.078900 5.072122 -4.595148
v -4.078900 6.255767 -4.595148
v -0.343042 5.072122 -4.223073
v -0.343042 6.255767 -4.223073
v -1.089716 5.072122 -5.914619
v -1.089716 6.255767 -5.914619
vn -0.914800 0.000000 0.403800
vn -0.403800 0.000000 -0.914800
vn 0.914800 0.000000 -0.403800
vn 0.403800 0.000000 0.914800
vn 0.000000 -1.000000 0.000000
vn 0.000000 1.000000 0.000000
usemtl cloud
s off
f 242//143 244//143 243//143 241//143
f 244//144 248//144 247//144 243//144
f 248//145 246//145 245//145 247//145
f 246//146 242//146 241//146 245//146
f 241//147 243//147 247//147 245//147
f 246//148 248//148 244//148 242//148
o Cylinder.061_Cylinder.062
v -4.043204 5.146428 -2.241930
v -4.043204 5.713531 -2.241930
v -4.404002 5.146428 -3.051022
v -4.404002 5.713531 -3.051022
v -2.613431 5.146428 -2.879507
v -2.613431 5.713531 -2.879507
v -2.974229 5.146428 -3.688600
v -2.974229 5.713531 -3.688600
vn -0.913300 0.000000 0.407300
vn -0.407300 0.000000 -0.913300
vn 0.913300 0.000000 -0.407300
vn 0.407300 0.000000 0.913300
vn 0.000000 -1.000000 -0.000000
vn 0.000000 1.000000 0.000000
usemtl cloud
s off
f 250//149 252//149 251//149 249//149
f 252//150 256//150 255//150 251//150
f 256//151 254//151 253//151 255//151
f 254//152 250//152 249//152 253//152
f 249//153 251//153 255//153 253//153
f 254//154 256//154 252//154 250//154
o Cylinder.060_Cylinder.061
v -4.466485 4.668046 -3.422884
v -4.466485 5.851691 -3.422884
v -5.714660 4.668046 -4.787036
v -5.714660 5.851691 -4.787036
v -2.055849 4.668046 -5.628573
v -2.055849 5.851691 -5.628573
v -3.304024 4.668046 -6.992726
v -3.304024 5.851691 -6.992726
vn -0.737800 0.000000 0.675000
vn -0.675000 0.000000 -0.737800
vn 0.737800 0.000000 -0.675000
vn 0.675000 0.000000 0.737800
vn 0.000000 -1.000000 0.000000
vn 0.000000 1.000000 0.000000
usemtl cloud
s off
f 258//155 260//155 259//155 257//155
f 260//156 264//156 263//156 259//156
f 264//157 262//157 261//157 263//157
f 262//158 258//158 257//158 261//158
f 257//159 259//159 263//159 261//159
f 262//160 264//160 260//160 258//160
o Cylinder.059_Cylinder.060
v -6.059208 5.166943 -4.541278
v -6.059208 5.734046 -4.541278
v -6.647918 5.166943 -5.203266
v -6.647918 5.734046 -5.203266
v -4.889390 5.166943 -5.581605
v -4.889390 5.734046 -5.581605
v -5.478099 5.166943 -6.243592
v -5.478099 5.734046 -6.243592
vn -0.747300 0.000000 0.664500
vn -0.664500 0.000000 -0.747300
vn 0.747300 0.000000 -0.664500
vn 0.664500 0.000000 0.747300
vn 0.000000 -1.000000 -0.000000
vn 0.000000 1.000000 0.000000
usemtl cloud
s off
f 266//161 268//161 267//161 265//161
f 268//162 272//162 271//162 267//162
f 272//163 270//163 269//163 271//163
f 270//164 266//164 265//164 269//164
f 265//165 267//165 271//165 269//165
f 270//166 272//166 268//166 266//166
o Cube.001
v -4.864191 4.721338 -0.678343
v -4.864191 5.966124 -0.678343
v -6.653749 4.721338 -1.446404
v -6.653749 5.966124 -1.446404
v -3.728693 4.721338 -3.324018
v -3.728693 5.966124 -3.324018
v -5.518251 4.721338 -4.092078
v -5.518251 5.966124 -4.092078
vn -0.394400 0.000000 0.918900
vn -0.918900 0.000000 -0.394400
vn 0.394400 0.000000 -0.918900
vn 0.918900 0.000000 0.394400
vn 0.000000 -1.000000 0.000000
vn 0.000000 1.000000 0.000000
usemtl cloud
s off
f 274//167 276//167 275//167 273//167
f 276//168 280//168 279//168 275//168
f 280//169 278//169 277//169 279//169
f 278//170 274//170 273//170 277//170
f 273//171 275//171 279//171 277//171
f 278//172 280//172 276//172 274//172
o Cylinder.058_Cylinder.059
v -4.464700 4.809866 0.505469
v -4.464700 5.427639 0.505469
v -5.368976 4.809866 0.168433
v -5.368976 5.427639 0.168433
v -3.869113 4.809866 -1.092506
v -3.869113 5.427639 -1.092506
v -4.773389 4.809866 -1.429542
v -4.773389 5.427639 -1.429542
vn -0.349200 0.000000 0.937000
vn -0.937000 0.000000 -0.349200
vn 0.349200 0.000000 -0.937000
vn 0.937000 0.000000 0.349200
vn 0.000000 -1.000000 0.000000
vn 0.000000 1.000000 0.000000
usemtl cloud
s off
f 282//173 284//173 283//173 281//173
f 284//174 288//174 287//174 283//174
f 288//175 286//175 285//175 287//175
f 286//176 282//176 281//176 285//176
f 281//177 283//177 287//177 285//177
f 286//178 288//178 284//178 282//178
o Cylinder.057_Cylinder.058
v -5.142563 5.355156 0.332651
v -5.142563 5.757542 0.332651
v -5.731563 5.355156 0.113123
v -5.731563 5.757542 0.113123
v -4.754628 5.355156 -0.708188
v -4.754628 5.757542 -0.708188
v -5.343628 5.355156 -0.927716
v -5.343628 5.757542 -0.927716
vn -0.349200 0.000000 0.937000
vn -0.937000 0.000000 -0.349200
vn 0.349200 0.000000 -0.937000
vn 0.937000 0.000000 0.349200
vn 0.000000 -1.000000 -0.000000
vn 0.000000 1.000000 0.000000
usemtl cloud
s off
f 290//179 292//179 291//179 289//179
f 292//180 296//180 295//180 291//180
f 296//181 294//181 293//181 295//181
f 294//182 290//182 289//182 293//182
f 289//183 291//183 295//183 293//183
f 294//184 296//184 292//184 290//184
o Cylinder.056_Cylinder.057
v -6.183727 5.443680 -1.874631
v -6.183727 6.276233 -1.874631
v -4.988138 5.443680 -1.362750
v -4.988138 6.276233 -1.362750
v -7.088289 5.443680 0.238131
v -7.088289 6.276233 0.238131
v -5.892700 5.443680 0.750013
v -5.892700 6.276233 0.750013
vn 0.393600 0.000000 -0.919300
vn 0.919300 0.000000 0.393600
vn -0.393600 0.000000 0.919300
vn -0.919300 0.000000 -0.393600
vn 0.000000 -1.000000 -0.000000
vn 0.000000 1.000000 0.000000
usemtl cloud
s off
f 298//185 300//185 299//185 297//185
f 300//186 304//186 303//186 299//186
f 304//187 302//187 301//187 303//187
f 302//188 298//188 297//188 301//188
f 297//189 299//189 303//189 301//189
f 302//190 304//190 300//190 298//190
o Cylinder.055_Cylinder.056
v -7.075647 4.861811 -4.852409
v -7.075647 5.820435 -4.852409
v -5.229961 4.861811 -4.062195
v -5.229961 5.820435 -4.062195
v -8.472062 4.861811 -1.590840
v -8.472062 5.820435 -1.590840
v -6.626376 4.861811 -0.800624
v -6.626376 5.820435 -0.800624
vn 0.393600 0.000000 -0.919300
vn 0.919300 0.000000 0.393600
vn -0.393600 0.000000 0.919300
vn -0.919300 0.000000 -0.393600
vn 0.000000 -1.000000 -0.000000
vn 0.000000 1.000000 0.000000
usemtl cloud
s off
f 306//191 308//191 307//191 305//191
f 308//192 312//192 311//192 307//192
f 312//193 310//193 309//193 311//193
f 310//194 306//194 305//194 309//194
f 305//195 307//195 311//195 309//195
f 310//196 312//196 308//196 306//196
o Cylinder.054_Cylinder.055
v -5.666016 5.308963 -5.305809
v -5.666016 6.141516 -5.305809
v -4.470427 5.308963 -4.793928
v -4.470427 6.141516 -4.793928
v -6.570578 5.308963 -3.193047
v -6.570578 6.141516 -3.193047
v -5.374989 5.308963 -2.681165
v -5.374989 6.141516 -2.681165
vn 0.393600 0.000000 -0.919300
vn 0.919300 0.000000 0.393600
vn -0.393600 0.000000 0.919300
vn -0.919300 0.000000 -0.393600
vn 0.000000 -1.000000 -0.000000
vn 0.000000 1.000000 0.000000
usemtl cloud
s off
f 314//197 316//197 315//197 313//197
f 316//198 320//198 319//198 315//198
f 320//199 318//199 317//199 319//199
f 318//200 314//200 313//200 317//200
f 313//201 315//201 319//201 317//201
f 318//202 320//202 316//202 314//202
o Cylinder.053_Cylinder.054
v -3.468292 5.408924 3.318158
v -3.468292 6.657604 3.318158
v -5.257208 5.408924 4.095749
v -5.257208 6.657604 4.095749
v -4.842397 5.408924 0.156910
v -4.842397 6.657604 0.156910
v -6.631312 5.408924 0.934500
v -6.631312 6.657604 0.934500
vn 0.398600 0.000000 0.917100
vn -0.917100 0.000000 0.398600
vn -0.398600 0.000000 -0.917100
vn 0.917100 0.000000 -0.398600
vn 0.000000 -1.000000 -0.000000
vn 0.000000 1.000000 0.000000
usemtl cloud
s off
f 322//203 324//203 323//203 321//203
f 324//204 328//204 327//204 323//204
f 328//205 326//205 325//205 327//205
f 326//206 322//206 321//206 325//206
f 321//207 323//207 327//207 325//207
f 326//208 328//208 324//208 322//208
o Cylinder.052_Cylinder.053
v -3.950329 5.180017 1.559335
v -3.950329 5.797789 1.559335
v -4.825517 5.180017 1.965974
v -4.825517 5.797789 1.965974
v -4.668914 5.180017 0.012764
v -4.668914 5.797789 0.012764
v -5.544102 5.180017 0.419403
v -5.544102 5.797789 0.419403
vn 0.421400 0.000000 0.906900
vn -0.906900 0.000000 0.421400
vn -0.421400 0.000000 -0.906900
vn 0.906900 0.000000 -0.421400
vn 0.000000 -1.000000 0.000000
vn 0.000000 1.000000 0.000000
usemtl cloud
s off
f 330//209 332//209 331//209 329//209
f 332//210 336//210 335//210 331//210
f 336//211 334//211 333//211 335//211
f 334//212 330//212 329//212 333//212
f 329//213 331//213 335//213 333//213
f 334//214 336//214 332//214 330//214
o Cylinder.051_Cylinder.052
v -4.751928 4.924333 2.989793
v -4.751928 5.756886 2.989793
v -3.857457 4.924333 2.045665
v -3.857457 5.756886 2.045665
v -3.083532 4.924333 4.570441
v -3.083532 5.756886 4.570441
v -2.189060 4.924333 3.626314
v -2.189060 5.756886 3.626314
vn -0.725900 0.000000 -0.687800
vn 0.687800 0.000000 -0.725900
vn 0.725900 0.000000 0.687800
vn -0.687800 0.000000 0.725900
vn 0.000000 -1.000000 -0.000000
vn 0.000000 1.000000 0.000000
usemtl cloud
s off
f 338//215 340//215 339//215 337//215
f 340//216 344//216 343//216 339//216
f 344//217 342//217 341//217 343//217
f 342//218 338//218 337//218 341//218
f 337//219 339//219 343//219 341//219
f 342//220 344//220 340//220 338//220
o Cylinder.050_Cylinder.051
v -7.605455 4.783214 2.693825
v -7.605455 5.966859 2.693825
v -8.352130 4.783214 1.002278
v -8.352130 5.966859 1.002278
v -4.616271 4.783214 1.374353
v -4.616271 5.966859 1.374353
v -5.362945 4.783214 -0.317193
v -5.362945 5.966859 -0.317193
vn -0.914800 0.000000 0.403800
vn -0.403800 0.000000 -0.914800
vn 0.914800 0.000000 -0.403800
vn 0.403800 0.000000 0.914800
vn 0.000000 -1.000000 0.000000
vn 0.000000 1.000000 0.000000
usemtl cloud
s off
f 346//221 348//221 347//221 345//221
f 348//222 352//222 351//222 347//222
f 352//223 350//223 349//223 351//223
f 350//224 346//224 345//224 349//224
f 345//225 347//225 351//225 349//225
f 350//226 352//226 348//226 346//226
o Cylinder.049_Cylinder.050
v -8.408577 4.422987 -0.798175
v -8.408577 5.606632 -0.798175
v -6.700699 4.422987 -1.506699
v -6.700699 5.606632 -1.506699
v -7.156522 4.422987 2.219869
v -7.156522 5.606632 2.219869
v -5.448644 4.422987 1.511345
v -5.448644 5.606632 1.511345
vn -0.383200 0.000000 -0.923700
vn 0.923700 0.000000 -0.383200
vn 0.383200 0.000000 0.923700
vn -0.923700 0.000000 0.383200
vn 0.000000 -1.000000 0.000000
vn 0.000000 1.000000 -0.000000
usemtl cloud
s off
f 354//227 356//227 355//227 353//227
f 356//228 360//228 359//228 355//228
f 360//229 358//229 357//229 359//229
f 358//230 354//230 353//230 357//230
f 353//231 355//231 359//231 357//231
f 358//232 360//232 356//232 354//232
o Cylinder.048_Cylinder.049
v -4.974964 4.709016 4.641622
v -4.974964 5.972202 4.641622
v -4.117757 4.709016 2.864270
v -4.117757 5.972202 2.864270
v -1.834151 4.709016 6.156421
v -1.834151 5.972202 6.156421
v -0.976943 4.709016 4.379069
v -0.976943 5.972202 4.379069
vn -0.900700 0.000000 -0.434400
vn 0.434400 0.000000 -0.900700
vn 0.900700 0.000000 0.434400
vn -0.434400 0.000000 0.900700
vn 0.000000 -1.000000 0.000000
vn 0.000000 1.000000 -0.000000
usemtl cloud
s off
f 362//233 364//233 363//233 361//233
f 364//234 368//234 367//234 363//234
f 368//235 366//235 365//235 367//235
f 366//236 362//236 361//236 365//236
f 361//237 363//237 367//237 365//237
f 366//238 368//238 364//238 362//238
o Cylinder.047_Cylinder.048
v -3.124629 5.732136 6.664155
v -3.124629 6.552006 6.664155
v -2.553556 5.732136 5.517775
v -2.553556 6.552006 5.517775
v -1.098826 5.732136 7.673318
v -1.098826 6.552006 7.673318
v -0.527751 5.732136 6.526938
v -0.527751 6.552006 6.526938
vn -0.895100 0.000000 -0.445900
vn 0.445900 0.000000 -0.895100
vn 0.895100 0.000000 0.445900
vn -0.445900 0.000000 0.895100
vn 0.000000 -1.000000 0.000000
vn 0.000000 1.000000 -0.000000
usemtl cloud
s off
f 370//239 372//239 371//239 369//239
f 372//240 376//240 375//240 371//240
f 376//241 374//241 373//241 375//241
f 374//242 370//242 369//242 373//242
f 369//243 371//243 375//243 373//243
f 374//244 376//244 372//244 370//244
o Cylinder.046_Cylinder.047
v -0.713494 5.323153 6.839394
v -0.713494 6.143023 6.839394
v -0.987400 5.323153 5.588279
v -0.987400 6.143023 5.588279
v 1.497390 5.323153 6.355368
v 1.497390 6.143023 6.355368
v 1.223486 5.323153 5.104253
v 1.223486 6.143023 5.104253
vn -0.976900 0.000000 0.213900
vn -0.213900 0.000000 -0.976900
vn 0.976900 0.000000 -0.213900
vn 0.213900 0.000000 0.976900
vn 0.000000 -1.000000 0.000000
vn 0.000000 1.000000 0.000000
usemtl cloud
s off
f 378//245 380//245 379//245 377//245
f 380//246 384//246 383//246 379//246
f 384//247 382//247 381//247 383//247
f 382//248 378//248 377//248 381//248
f 377//249 379//249 383//249 381//249
f 382//250 384//250 380//250 378//250
o Cylinder.045_Cylinder.046
v -4.900851 4.958872 6.131259
v -4.900851 6.207552 6.131259
v -4.072987 4.958872 4.365047
v -4.072987 6.207552 4.365047
v -1.779723 4.958872 7.594206
v -1.779723 6.207552 7.594206
v -0.951858 4.958872 5.827994
v -0.951858 6.207552 5.827994
vn -0.905500 0.000000 -0.424400
vn 0.424400 0.000000 -0.905500
vn 0.905500 0.000000 0.424400
vn -0.424400 0.000000 0.905500
vn 0.000000 -1.000000 -0.000000
vn 0.000000 1.000000 -0.000000
usemtl cloud
s off
f 386//251 388//251 387//251 385//251
f 388//252 392//252 391//252 387//252
f 392//253 390//253 389//253 391//253
f 390//254 386//254 385//254 389//254
f 385//255 387//255 391//255 389//255
f 390//256 392//256 388//256 386//256
o Cylinder.044_Cylinder.045
v 1.916745 4.735487 6.120739
v 1.916745 5.670626 6.120739
v 1.988101 4.735487 8.071774
v 1.988101 5.670626 8.071774
v -1.530990 4.735487 6.246834
v -1.530990 5.670626 6.246834
v -1.459635 4.735487 8.197870
v -1.459635 5.670626 8.197870
vn 0.999300 0.000000 -0.036500
vn 0.036500 0.000000 0.999300
vn -0.999300 0.000000 0.036500
vn -0.036500 0.000000 -0.999300
vn 0.000000 -1.000000 -0.000000
vn 0.000000 1.000000 0.000000
usemtl cloud
s off
f 394//257 396//257 395//257 393//257
f 396//258 400//258 399//258 395//258
f 400//259 398//259 397//259 399//259
f 398//260 394//260 393//260 397//260
f 393//261 395//261 399//261 397//261
f 398//262 400//262 396//262 394//262
o Cylinder.043_Cylinder.044
v -3.223229 4.214241 6.362365
v -3.223229 4.943821 6.362365
v -2.441145 4.214241 4.792400
v -2.441145 4.943821 4.792400
v -0.448897 4.214241 7.744410
v -0.448897 4.943821 7.744410
v 0.333188 4.214241 6.174446
v 0.333188 4.943821 6.174446
vn -0.895100 0.000000 -0.445900
vn 0.445900 0.000000 -0.895100
vn 0.895100 0.000000 0.445900
vn -0.445900 0.000000 0.895100
vn 0.000000 -1.000000 -0.000000
vn 0.000000 1.000000 0.000000
usemtl cloud
s off
f 402//263 404//263 403//263 401//263
f 404//264 408//264 407//264 403//264
f 408//265 406//265 405//265 407//265
f 406//266 402//266 401//266 405//266
f 401//267 403//267 407//267 405//267
f 406//268 408//268 404//268 402//268
o Cylinder.042_Cylinder.043
v -6.686460 -2.663389 12.729028
v -6.686460 -1.185720 12.729028
v -5.102450 -2.663389 9.549269
v -5.102450 -1.185720 9.549269
v -1.067410 -2.663389 15.528181
v -1.067410 -1.185720 15.528181
v 0.516601 -2.663389 12.348423
v 0.516601 -1.185720 12.348423
vn -0.895100 0.000000 -0.445900
vn 0.445900 0.000000 -0.895100
vn 0.895100 0.000000 0.445900
vn -0.445900 0.000000 0.895100
vn 0.000000 -1.000000 0.000000
vn 0.000000 1.000000 -0.000000
usemtl cloud
s off
f 410//269 412//269 411//269 409//269
f 412//270 416//270 415//270 411//270
f 416//271 414//271 413//271 415//271
f 414//272 410//272 409//272 413//272
f 409//273 411//273 415//273 413//273
f 414//274 416//274 412//274 410//274
o Cylinder.041_Cylinder.042
v 3.723891 -1.607673 12.239643
v 3.723891 0.286330 12.239643
v 3.868415 -1.607673 16.191214
v 3.868415 0.286330 16.191214
v -3.259050 -1.607673 12.495034
v -3.259050 0.286330 12.495034
v -3.114529 -1.607673 16.446604
v -3.114529 0.286330 16.446604
vn 0.999300 0.000000 -0.036500
vn 0.036500 0.000000 0.999300
vn -0.999300 0.000000 0.036500
vn -0.036500 0.000000 -0.999300
vn 0.000000 -1.000000 -0.000000
vn 0.000000 1.000000 0.000000
usemtl cloud
s off
f 418//275 420//275 419//275 417//275
f 420//276 424//276 423//276 419//276
f 424//277 422//277 421//277 423//277
f 422//278 418//278 417//278 421//278
f 417//279 419//279 423//279 421//279
f 422//280 424//280 420//280 418//280
o Cylinder.040_Cylinder.041
v -10.084264 -1.155236 12.260952
v -10.084264 1.373803 12.260952
v -8.407532 -1.155236 8.683719
v -8.407532 1.373803 8.683719
v -3.762825 -1.155236 15.223959
v -3.762825 1.373803 15.223959
v -2.086091 -1.155236 11.646728
v -2.086091 1.373803 11.646728
vn -0.905500 0.000000 -0.424400
vn 0.424400 0.000000 -0.905500
vn 0.905500 0.000000 0.424400
vn -0.424400 0.000000 0.905500
vn 0.000000 -1.000000 0.000000
vn 0.000000 1.000000 -0.000000
usemtl cloud
s off
f 426//281 428//281 427//281 425//281
f 428//282 432//282 431//282 427//282
f 432//283 430//283 429//283 431//283
f 430//284 426//284 425//284 429//284
f 425//285 427//285 431//285 429//285
f 430//286 432//286 428//286 426//286
o Cylinder.039_Cylinder.040
v -1.603318 -0.417432 13.695187
v -1.603318 1.243108 13.695187
v -2.158077 -0.417432 11.161215
v -2.158077 1.243108 11.161215
v 2.874542 -0.417432 12.714856
v 2.874542 1.243108 12.714856
v 2.319784 -0.417432 10.180884
v 2.319784 1.243108 10.180884
vn -0.976900 0.000000 0.213900
vn -0.213900 0.000000 -0.976900
vn 0.976900 0.000000 -0.213900
vn 0.213900 0.000000 0.976900
vn 0.000000 -1.000000 0.000000
vn 0.000000 1.000000 -0.000000
usemtl cloud
s off
f 434//287 436//287 435//287 433//287
f 436//288 440//288 439//288 435//288
f 440//289 438//289 437//289 439//289
f 438//290 434//290 433//290 437//290
f 433//291 435//291 439//291 437//291
f 438//292 440//292 436//292 434//292
o Cylinder.038_Cylinder.039
v -6.486759 0.410912 13.340262
v -6.486759 2.071452 13.340262
v -5.330123 0.410912 11.018417
v -5.330123 2.071452 11.018417
v -2.383755 0.410912 15.384191
v -2.383755 2.071452 15.384191
v -1.227118 0.410912 13.062346
v -1.227118 2.071452 13.062346
vn -0.895100 0.000000 -0.445900
vn 0.445900 0.000000 -0.895100
vn 0.895100 0.000000 0.445900
vn -0.445900 0.000000 0.895100
vn 0.000000 -1.000000 0.000000
vn 0.000000 1.000000 -0.000000
usemtl cloud
s off
f 442//293 444//293 443//293 441//293
f 444//294 448//294 447//294 443//294
f 448//295 446//295 445//295 447//295
f 446//296 442//296 441//296 445//296
f 441//297 443//297 447//297 445//297
f 446//298 448//298 444//298 442//298
o Cylinder.037_Cylinder.038
v -10.234371 -1.661286 9.243885
v -10.234371 0.897132 9.243885
v -8.498209 -1.661286 5.644091
v -8.498209 0.897132 5.644091
v -3.873063 -1.661286 12.311913
v -3.873063 0.897132 12.311913
v -2.136899 -1.661286 8.712120
v -2.136899 0.897132 8.712120
vn -0.900700 0.000000 -0.434400
vn 0.434400 0.000000 -0.900700
vn 0.900700 0.000000 0.434400
vn -0.434400 0.000000 0.900700
vn 0.000000 -1.000000 0.000000
vn 0.000000 1.000000 0.000000
usemtl cloud
s off
f 450//299 452//299 451//299 449//299
f 452//300 456//300 455//300 451//300
f 456//301 454//301 453//301 455//301
f 454//302 450//302 449//302 453//302
f 449//303 451//303 455//303 453//303
f 454//304 456//304 452//304 450//304
o Cylinder.036_Cylinder.037
v -17.188705 -2.240602 -1.773718
v -17.188705 0.156718 -1.773718
v -13.729622 -2.240602 -3.208741
v -13.729622 0.156718 -3.208741
v -14.652832 -2.240602 4.338939
v -14.652832 0.156718 4.338939
v -11.193748 -2.240602 2.903916
v -11.193748 0.156718 2.903916
vn -0.383200 0.000000 -0.923700
vn 0.923700 0.000000 -0.383200
vn 0.383200 0.000000 0.923700
vn -0.923700 0.000000 0.383200
vn 0.000000 -1.000000 -0.000000
vn 0.000000 1.000000 0.000000
usemtl cloud
s off
f 458//305 460//305 459//305 457//305
f 460//306 464//306 463//306 459//306
f 464//307 462//307 461//307 463//307
f 462//308 458//308 457//308 461//308
f 457//309 459//309 463//309 461//309
f 462//310 464//310 460//310 458//310
o Cylinder.035_Cylinder.036
v -15.562090 -1.511009 5.298875
v -15.562090 0.886311 5.298875
v -17.074383 -1.511009 1.872867
v -17.074383 0.886311 1.872867
v -9.507885 -1.511009 2.626456
v -9.507885 0.886311 2.626456
v -11.020176 -1.511009 -0.799552
v -11.020176 0.886311 -0.799552
vn -0.914800 0.000000 0.403800
vn -0.403800 0.000000 -0.914800
vn 0.914800 0.000000 -0.403800
vn 0.403800 0.000000 0.914800
vn 0.000000 -1.000000 -0.000000
vn 0.000000 1.000000 0.000000
usemtl cloud
s off
f 466//311 468//311 467//311 465//311
f 468//312 472//312 471//312 467//312
f 472//313 470//313 469//313 471//313
f 470//314 466//314 465//314 469//314
f 465//315 467//315 471//315 469//315
f 470//316 472//316 468//316 466//316
o Cylinder.034_Cylinder.035
v -9.782642 -1.225191 5.898319
v -9.782642 0.461037 5.898319
v -7.971006 -1.225191 3.986111
v -7.971006 0.461037 3.986111
v -6.403521 -1.225191 9.099718
v -6.403521 0.461037 9.099718
v -4.591884 -1.225191 7.187511
v -4.591884 0.461037 7.187511
vn -0.725900 0.000000 -0.687800
vn 0.687800 0.000000 -0.725900
vn 0.725900 0.000000 0.687800
vn -0.687800 0.000000 0.725900
vn 0.000000 -1.000000 0.000000
vn 0.000000 1.000000 -0.000000
usemtl cloud
s off
f 474//317 476//317 475//317 473//317
f 476//318 480//318 479//318 475//318
f 480//319 478//319 477//319 479//319
f 478//320 474//320 473//320 477//320
